[[1.41563267e+03 0.00000000e+00 1.27847996e+02]
 [0.00000000e+00 1.46138644e+03 2.88748148e+02]
 [0.00000000e+00 0.00000000e+00 1.00000000e+00]]



[[753.52891568   0.         313.12975121]
 [  0.         753.67584945 244.42655729]
 [  0.           0.           1.        ]]


 [[634.14382067   0.         273.43099766]
 [  0.         623.83180908 230.75286815]
 [  0.           0.           1.        ]]

 [[682.98262078   0.         308.67989006]
 [  0.         679.09669922 226.69400685]
 [  0.           0.           1.        ]]


 [[656.29804936   0.         325.00253538] 
 [  0.         655.66760244 235.65891798] 
 [  0.           0.           1.        ]]
